---------------------------------
[0, 0, 0, 1] m = 5 
[0, 0, 1, 1]
[0, 1, 0, 1]
[1, 1, 1, 1] *
[0, 0, 0, 0]

operation
pop() to here then 
[1, 1, 1, 1] -> ( raise power of 2)
[0, 0, 0, 0]

---------------------------------
[0, 0, 1, 3] m = 7
[0, 1, 2, 3]
[1, 1, 1, 3]
[0, 0, 2, 2]
[0, 2, 0, 2]
[2, 2, 2, 2] * 
[0, 0, 0, 0]

operation
[0, 0, 1, 3] -> ( +1 )
[0, 1, 2, 3]
[1, 1, 1, 3]
[0, 0, 2, 2]
[0, 2, 0, 2]
[2, 2, 2, 2]
[0, 0, 0, 0]

---------------------------------
[0, 1, 2, 4] m = 8
[1, 1, 2, 4] *
[0, 1, 2, 3]
[1, 1, 1, 3]
[0, 0, 2, 2]
[0, 2, 0, 2]
[2, 2, 2, 2]
[0, 0, 0, 0]

operation
pop() to here then
[2, 2, 2, 2] -> ( raise power of 2 )
[0, 0, 0, 0]

---------------------------------
[0, 1, 4, 9] m = 9
[1, 3, 5, 9]
[2, 2, 4, 8]
[0, 2, 4, 6]
[2, 2, 2, 6]
[0, 0, 4, 4]
[0, 4, 0, 4]
[4, 4, 4, 4] *
[0, 0, 0, 0]

operation
[0, 1, 4, 9] -> ( +2 ) 
[1, 3, 5, 9]
[2, 2, 4, 8]
[0, 2, 4, 6]
[2, 2, 2, 6]
[0, 0, 4, 4]
[0, 4, 0, 4]
[4, 4, 4, 4]
[0, 0, 0, 0]

---------------------------------
[0, 2, 5, 11] m = 10
[2, 3, 6, 11] *
[1, 3, 5, 9]
[2, 2, 4, 8]
[0, 2, 4, 6]
[2, 2, 2, 6]
[0, 0, 4, 4]
[0, 4, 0, 4]
[4, 4, 4, 4]
[0, 0, 0, 0]

operation
[0, 2, 5, 11] -> ( +2 )
[2, 3, 6, 11]
[1, 3, 5, 9]
[2, 2, 4, 8]
[0, 2, 4, 6]
[2, 2, 2, 6]
[0, 0, 4, 4]
[0, 4, 0, 4]
[4, 4, 4, 4]
[0, 0, 0, 0]

---------------------------------
[0, 2, 6, 13] m = 11
[2, 4, 7, 13] * 
[2, 3, 6, 11]
[1, 3, 5, 9]
[2, 2, 4, 8]
[0, 2, 4, 6]
[2, 2, 2, 6]
[0, 0, 4, 4]
[0, 4, 0, 4]
[4, 4, 4, 4]
[0, 0, 0, 0]

operation
pop() until here then
[4, 4, 4, 4] -> ( raise power of 2 )
[0, 0, 0, 0]

---------------------------------
[0, 5, 14, 31] m = 12
[5, 9, 17, 31]
[4, 8, 14, 26]
[4, 6, 12, 22]
[2, 6, 10, 18]
[4, 4, 8, 16]
[0, 4, 8, 12]
[4, 4, 4, 12]
[0, 0, 8, 8]
[0, 8, 0, 8]
[8, 8, 8, 8] *
[0, 0, 0, 0]

operation
[0, 5, 14, 31] -> ( +6 )
[5, 9, 17, 31]
[4, 8, 14, 26]
[4, 6, 12, 22]
[2, 6, 10, 18]
[4, 4, 8, 16]
[0, 4, 8, 12]
[4, 4, 4, 12]
[0, 0, 8, 8]
[0, 8, 0, 8]
[8, 8, 8, 8]
[0, 0, 0, 0]

---------------------------------
[0, 6, 17, 37]  m = 13
[6, 11, 20, 37] *
[5, 9, 17, 31]
[4, 8, 14, 26]
[4, 6, 12, 22]
[2, 6, 10, 18]
[4, 4, 8, 16]
[0, 4, 8, 12]
[4, 4, 4, 12]
[0, 0, 8, 8]
[0, 8, 0, 8]
[8, 8, 8, 8]
[0, 0, 0, 0]

operation
[0, 6, 17, 37]  -> ( +7 )
[6, 11, 20, 37]
[5, 9, 17, 31]
[4, 8, 14, 26]
[4, 6, 12, 22]
[2, 6, 10, 18]
[4, 4, 8, 16]
[0, 4, 8, 12]
[4, 4, 4, 12]
[0, 0, 8, 8]
[0, 8, 0, 8]
[8, 8, 8, 8]
[0, 0, 0, 0]

---------------------------------
[0, 7, 20, 44]  m = 14
[7, 13, 24, 44] *
[6, 11, 20, 37]
[5, 9, 17, 31]
[4, 8, 14, 26]
[4, 6, 12, 22]
[2, 6, 10, 18]
[4, 4, 8, 16]
[0, 4, 8, 12]
[4, 4, 4, 12]
[0, 0, 8, 8]
[0, 8, 0, 8]
[8, 8, 8, 8]
[0, 0, 0, 0]

operation
pop() until here then
[8, 8, 8, 8] -> ( raise power of 2 )
[0, 0, 0, 0]

---------------------------------
[0, 17, 48, 105]  m = 15
[17, 31, 57, 105]
[14, 26, 48, 88]
[12, 22, 40, 74]
[10, 18, 34, 62]
[8, 16, 28, 52]
[8, 12, 24, 44]
[4, 12, 20, 36]
[8, 8, 16, 32]
[0, 8, 16, 24]
[8, 8, 8, 24]
[0, 0, 16, 16]
[0, 16, 0, 16]
[16, 16, 16, 16] *
[0, 0, 0, 0]

operation
[0, 17, 48, 105]  -> ( +20 )
[17, 31, 57, 105]
[14, 26, 48, 88]
[12, 22, 40, 74]
[10, 18, 34, 62]
[8, 16, 28, 52]
[8, 12, 24, 44]
[4, 12, 20, 36]
[8, 8, 16, 32]
[0, 8, 16, 24]
[8, 8, 8, 24]
[0, 0, 16, 16]
[0, 16, 0, 16]
[16, 16, 16, 16]
[0, 0, 0, 0]

---------------------------------
[0, 20, 57, 125]  m = 16
[20, 37, 68, 125] * 
[17, 31, 57, 105]
[14, 26, 48, 88]
[12, 22, 40, 74]
[10, 18, 34, 62]
[8, 16, 28, 52]
[8, 12, 24, 44]
[4, 12, 20, 36]
[8, 8, 16, 32]
[0, 8, 16, 24]
[8, 8, 8, 24]
[0, 0, 16, 16]
[0, 16, 0, 16]
[16, 16, 16, 16]
[0, 0, 0, 0]

operation
[0, 20, 57, 125]  -> ( +24 )
[20, 37, 68, 125]
[17, 31, 57, 105]
[14, 26, 48, 88]
[12, 22, 40, 74]
[10, 18, 34, 62]
[8, 16, 28, 52]
[8, 12, 24, 44]
[4, 12, 20, 36]
[8, 8, 16, 32]
[0, 8, 16, 24]
[8, 8, 8, 24]
[0, 0, 16, 16]
[0, 16, 0, 16]
[16, 16, 16, 16]
[0, 0, 0, 0]

---------------------------------
[0, 24, 68, 149]  m = 17
[24, 44, 81, 149] *
[20, 37, 68, 125]
[17, 31, 57, 105]
[14, 26, 48, 88]
[12, 22, 40, 74]
[10, 18, 34, 62]
[8, 16, 28, 52]
[8, 12, 24, 44]
[4, 12, 20, 36]
[8, 8, 16, 32]
[0, 8, 16, 24]
[8, 8, 8, 24]
[0, 0, 16, 16]
[0, 16, 0, 16]
[16, 16, 16, 16]
[0, 0, 0, 0]

operation
pop() until here and then
[16, 16, 16, 16] -> ( raise power of 2 )
[0, 0, 0, 0]

---------------------------------
[0, 57, 162, 355]   m = 18
[57, 105, 193, 355]
[48, 88, 162, 298]
[40, 74, 136, 250]
[34, 62, 114, 210]
[28, 52, 96, 176]
[24, 44, 80, 148]
[20, 36, 68, 124]
[16, 32, 56, 104]
[16, 24, 48, 88]
[8, 24, 40, 72]
[16, 16, 32, 64]
[0, 16, 32, 48]
[16, 16, 16, 48]
[0, 0, 32, 32]
[0, 32, 0, 32]
[32, 32, 32, 32] *
[0, 0, 0, 0]

...
